150.00
130.00
122.00
120.00
118.00
116.00
114.00
112.00
110.00
108.00
106.00
104.00
102.00
100.00
98.00
96.00
94.00
92.00
90.00
88.00
86.00
84.00
82.00
80.00
78.00
76.00
74.00
72.00
70.00
68.00
66.00
64.00
62.00
60.00
58.00
56.00
54.00
52.00
50.00
48.00
46.00
44.00
42.00
40.00
38.00
36.00
34.00
32.00
31.00
30.00
29.00
28.00
27.00
26.00
25.00
24.00
23.00
22.00
21.00
20.50
20.00
19.50
19.00
18.50
18.00
17.50
17.00
16.50
16.00
15.50
15.00
14.75
14.50
14.25
14.00
13.75
13.50
13.25
13.00
12.75
12.50
12.25
12.00
11.75
11.50
11.25
11.00
10.75
10.50
10.25
10.00
9.75
9.50
9.25
9.00
8.75
8.50
8.25
8.00
7.50
7.00
6.50
6.00
5.50
5.00
4.50
4.25
4.00
3.75
3.50
3.25
3.00
2.75
2.50
2.25
2.00
1.75
1.50
1.25
1.00
0.75
0.50
0.25
0.00
